0.405485
0.581232
0.559567
0.447338
0.579786
0.603263
0.520277
0.472684
0.502561
0.607320
0.535627
0.438294
0.497808
0.641511
0.576686
0.534724
0.596436
0.378400
0.577637
0.637525
0.532282
0.524664
0.474822
0.607356
0.386320
0.408023
0.390596
0.609531
0.523655
0.475125
0.585790
0.514101
0.582107
0.491403
0.617211
0.580940
0.535765
0.541396
0.532301
0.408236
0.409109
0.470625
0.413797
0.563647
0.461810
0.400275
0.416076
0.402584
0.387198
0.582544
0.450458
0.480035
0.572026
0.476381
0.481788
0.451893
0.526909
0.505282
0.460570
0.518983
0.399612
0.413167
0.621167
0.511199
0.435011
0.502355
0.541311
0.532411
0.450944
0.528924
0.540254
0.509616
0.593685
0.422081
0.480105
0.532512
0.475994
0.496149
0.596267
0.491247
0.410710
0.427210
0.402267
0.585713
0.494958
0.419000
0.547415
0.521352
0.447355
0.433640
0.532160
0.407943
0.480747
0.397341
0.409030
0.601317
0.454669
0.426386
0.504399
0.596028
0.392181
0.558478
0.399601
0.382694
0.483963
0.560443
0.417532
0.613895
0.608619
0.421017
0.562271
0.618757
0.611022
0.601780
0.447967
0.417741
0.388007
0.486428
0.484527
0.586339
0.499177
0.420098
