7.185319
5.994012
6.936186
6.211374
7.335939
6.970196
6.873665
5.995732
7.584646
6.145689
5.744442
6.702765
6.197018
5.314855
5.784191
5.467282
6.613763
4.851091
5.042468
6.954053
5.490415
5.830871
6.031468
4.840109
5.512490
7.287404
5.874332
4.720439
6.251097
2.329563
6.458336
6.409519
5.152950
5.795421
5.212093
4.935093
6.734622
5.958784
6.808795
5.093845
7.586550
3.816301
6.062763
8.133383
7.335493
5.901379
2.945673
6.592201
5.975426
5.899629
5.862517
6.008590
6.013602
4.958569
5.424883
6.881144
5.600592
5.837973
6.361607
6.782572
5.731907
6.547246
5.907505
6.833567
7.596836
5.916374
5.353306
7.151831
5.873418
6.825639
7.317440
6.914159
6.157834
6.459905
6.131393
4.932878
5.148137
5.650602
6.472240
5.764515
6.849435
5.232212
3.555903
7.109786
6.912695
6.049309
6.777768
7.568103
4.984814
5.618889
4.599557
6.080429
5.140583
7.175826
7.275830
6.772012
6.351805
7.983014
6.269988
7.268819
4.250318
6.114699
6.069484
6.918165
6.138443
5.612631
5.491458
7.143955
4.772544
4.048091
4.674539
5.996941
6.355067
6.847791
6.702856
6.502230
6.266904
6.566891
7.182424
7.223020
7.005941
4.708407
