0.901579
0.799193
0.868068
0.895765
0.868450
0.879451
0.856154
0.877924
0.870290
0.732195
0.896444
0.798227
0.888277
0.691512
0.780283
0.845846
0.902287
0.906420
0.858032
0.869450
0.892282
0.786836
0.836638
0.714382
0.649063
0.920363
0.796503
0.717618
0.787632
0.308195
0.860247
0.827000
0.634661
0.745080
0.627667
0.869405
0.854484
0.768049
0.880188
0.813129
0.909388
0.474854
0.815318
0.861551
0.908754
0.838671
0.351866
0.864466
0.831881
0.869391
0.898317
0.862323
0.816712
0.697881
0.804947
0.904293
0.884710
0.900592
0.877641
0.888975
0.857026
0.873680
0.900098
0.865258
0.899545
0.806205
0.848002
0.890040
0.890170
0.887610
0.893481
0.801780
0.891006
0.858055
0.883479
0.662517
0.898206
0.878455
0.894073
0.813737
0.821296
0.735858
0.901507
0.894191
0.856984
0.860551
0.834008
0.911295
0.894818
0.770395
0.773012
0.817927
0.866342
0.875926
0.836576
0.870670
0.805534
0.899653
0.879871
0.890363
0.864876
0.765505
0.889783
0.807616
0.835497
0.834154
0.614697
0.867171
0.825086
0.886928
0.899631
0.900173
0.804986
0.841740
0.901824
0.782131
0.820691
0.867769
0.842182
0.864278
0.831395
0.746611
