-2.959680
-2.894547
-0.705742
-2.995340
-3.033711
0.592177
-2.527153
-2.794392
-3.301000
-2.434824
-3.223004
0.857372
-2.895663
-2.543710
-0.720386
-2.241427
-2.913749
-2.824433
-3.041993
-3.016710
-0.049297
-2.937181
-2.351655
0.274173
-2.286376
-2.330933
-3.004863
-2.432087
-2.825293
-1.107551
-2.368980
-2.852986
1.158139
-3.150833
-2.733105
-2.380515
-2.641848
-3.197293
-0.018730
-2.782116
-2.309142
-0.147643
-3.220821
-2.870126
-2.864758
-2.454562
-3.109925
-0.084108
-3.209092
-2.690330
-0.099538
-3.202435
-2.619947
-3.323089
-2.532327
-2.878749
0.506968
-3.160800
-2.895653
0.304090
-2.513331
-2.554910
-2.802716
-2.725276
-2.205464
-0.842335
-2.739310
-2.338098
0.504751
-2.855967
-2.249091
-2.960865
-3.031982
-3.229312
0.515321
-3.335787
-3.294385
-0.059554
-2.988622
-2.817537
-2.436882
-2.754383
-2.613397
1.006635
-2.253556
-2.297020
-1.410745
-2.508431
-3.015346
-3.034548
-2.463966
-2.487052
-1.236062
-3.022044
-2.995800
0.950001
-2.717480
-2.361899
-2.847981
-3.217780
-3.237187
0.921394
-2.373298
-3.112035
-1.153331
-2.485279
-3.167387
-2.978171
-2.981548
-2.566041
-0.727713
-3.097661
-2.822454
0.860348
-2.420551
-2.595808
-2.300289
-2.723461
-2.353436
1.337121
-2.906328
-2.872242
-1.611637
-2.360663
-2.643512
-2.784603
-3.042600
-2.388235
0.357450
-2.562552
-2.240240
-0.910496
-2.174852
-2.526269
-2.329706
-2.509765
-2.309590
-0.587802
-2.144796
-2.128702
0.320683
-2.747626
-2.134307
-2.417117
-3.297809
-3.170701
-0.664716
-2.609968
-3.196432
0.604516
-3.139810
-2.758436
-2.444619
-2.831384
-2.302433
-2.019389
-2.911065
-2.351900
2.042503
-2.828662
-2.847402
-2.808661
-2.209934
-2.234136
-0.981268
-2.314007
-2.824631
0.577109
-2.246772
-2.490620
-2.000343
-2.630027
-2.990107
-0.039038
-2.994539
-2.520173
-0.430456
-2.923737
-3.224863
-3.300289
-2.335408
-2.506981
-1.400813
-2.752076
-2.888091
1.388983
-2.216720
-2.379103
-2.817017
-2.663320
-2.692934
0.916776
-2.899739
-2.221869
-0.697183
-2.261703
-3.118832
-2.764491
-2.600788
-2.212085
0.363531
-2.306687
-2.467973
0.491765
-2.352212
-2.793957
-2.559326
-2.028692
-2.377564
0.782396
-2.313397
-2.911196
-0.863269
-2.071621
-1.918678
-1.946909
-2.395136
-3.048967
1.766938
-2.358826
-3.115322
-1.805467
-2.599908
-3.130803
-2.650782
-3.121438
-3.412133
-1.190586
-3.256289
-3.075416
1.164237
-3.252348
-3.263741
-2.432535
-2.499692
-2.625620
0.310758
-2.940256
-2.190467
-0.701734
-2.600792
-2.257205
-2.235650
-2.006282
-2.422023
1.249714
-2.372683
-2.401247
-0.431272
-2.129497
-2.540651
-2.047390
-2.576050
-2.329451
0.502285
-2.833396
-2.253691
-0.726565
-3.014862
-2.394543
-2.136611
-2.041126
-2.081045
3.099223
-2.120563
-1.953958
-2.963430
-2.553239
-2.216572
-1.945512
-2.563582
-2.226811
0.145459
-3.090313
-2.520638
0.381849
-2.452126
-2.844534
-2.925185
-2.432705
-2.606694
0.346727
-2.323557
-2.835076
-0.071831
-2.272563
-2.339734
-2.934699
-3.112198
-2.155132
1.712653
-2.287864
-2.215511
-1.653441
-2.553330
-3.023341
-2.631201
-2.793086
-2.730413
1.115917
-3.158878
-2.314605
-1.222140
-2.469003
-2.458363
-2.947305
-2.979633
-2.753814
1.790710
-2.377995
-2.293369
-1.660488
-2.725164
-2.224892
-2.644344
-2.571071
-2.075765
-0.786750
-2.064825
-2.582574
1.358975
-2.177270
-2.403823
-2.689177
-2.316058
-2.535267
-0.155346
-2.927889
-2.444003
-0.484806
-3.164822
-3.021968
-2.747871
-2.545600
-3.052026
1.252362
-2.964713
-3.031761
-0.961895
-2.254679
-3.030677
-2.677677
-3.145841
-3.080489
-0.575610
-2.313191
-3.171939
0.285761
-2.768285
-2.249571
-2.235664
-2.123474
-2.643791
-0.337295
-2.273066
-2.067819
-0.243969
-2.625528
-2.027901
-2.094143
-2.835672
-2.781506
-0.774281
-3.071118
-3.225010
0.633680
-3.225375
-2.953340
-3.244977
-2.184768
-2.515567
2.321166
-2.368106
-2.175760
-2.004501
-2.156925
-2.278265
-2.025590
-2.840519
-2.233369
0.109133
-2.060021
-2.932978
-0.288545
-2.142694
-2.384166
-2.428834
-2.943958
-3.060893
0.473162
-3.099590
-3.211195
-0.741872
-3.284293
-3.047436
-3.405354
-2.610768
-3.200450
-0.770301
-3.157440
-2.919361
0.448000
-3.342211
-3.280160
-3.038697
-2.573073
-2.365443
-0.159521
-2.859422
-2.470780
-0.387547
-2.878616
-2.562443
-2.204234
-2.145785
-2.432438
2.943873
-2.142882
-2.686899
-2.836450
-2.305310
-2.036299
-2.360500
-2.433720
-3.103675
0.121092
-2.944145
-2.411301
0.379453
-3.093473
-2.232805
-2.625379
-2.376066
-2.075550
-0.395728
-2.439501
-2.084913
-0.430059
-2.832381
-2.398517
-2.878409
-2.533297
-2.629432
-0.486015
-2.473077
-2.412572
0.395650
-2.304730
-2.935552
-2.895370
-3.145163
-2.567722
-1.138121
-2.343184
-2.360552
1.017544
-3.112656
-2.891937
-2.671179
-2.705643
-3.173492
-0.112015
-2.676117
-2.245749
0.217108
-2.581196
-2.268889
-2.860815
-3.011033
-2.434669
0.854686
-2.971133
-2.236050
-0.055200
-2.238862
-2.875088
-2.597962
-2.231528
-2.605884
0.971300
-2.271622
-2.173880
-1.374743
-2.543900
-2.539338
-2.474632
-2.386203
-2.121145
0.580606
-2.865401
-2.489070
-0.132098
-2.069722
-2.387326
-2.940146
-3.220470
-3.229347
-0.980955
-2.782622
-3.219182
0.788627
-2.427215
-2.948049
-2.347698
-2.499325
-2.223877
-0.741387
-2.385226
-2.322228
1.331812
-3.083038
-2.342343
-3.114568
-2.995642
-3.079478
-1.152900
-2.920415
-2.338651
1.345722
-2.843649
-2.416942
-2.534282
-2.425828
-2.741687
-0.802381
-2.351615
-2.509565
0.479330
-2.771464
-3.078611
-2.252419
-3.169102
-2.602202
-0.539312
-2.468435
-2.346637
0.872240
-3.100002
-2.669587
-2.712049
-2.871727
-2.489378
-0.185022
-2.354019
-2.931059
0.459340
-2.220824
-2.618384
-2.130853
-2.688599
-2.258110
-0.372081
-3.009857
-2.967692
0.048306
-2.339733
-3.164140
-2.798801
-2.278625
-3.040842
-1.209862
-2.644737
-2.469287
1.110452
-3.068090
-2.784169
-2.900400
-2.552455
-2.416376
0.389735
-2.923522
-3.255451
0.063758
-2.966471
-3.095039
-2.939150
-2.649476
-3.335738
-0.576827
-3.280907
-3.012245
0.204050
-2.976399
-3.033149
-2.800534
-2.136521
-2.317849
0.735901
-2.564784
-2.706296
-0.178947
-2.706108
-2.208733
-3.101116
-2.190455
-2.082723
-0.662227
-2.276990
-2.823306
0.241768
-2.439244
-1.998991
-2.613773
-3.063097
-2.921856
-0.192965
-2.909928
-2.807446
0.072838
-3.089233
-3.122765
-3.151382
-2.693042
-2.773853
-1.339924
-2.166022
-2.330082
1.092739
-2.538031
-2.667731
-2.828379
-3.136488
-2.809294
-0.788131
-2.788263
-2.519177
0.193595
-2.857829
-2.715710
-2.634586
-3.005332
-3.018354
0.121808
-3.318357
-3.370862
0.391336
-2.759131
-2.963839
-3.087588
-2.905825
-2.595538
0.660792
-3.219291
-2.482977
-1.099164
-3.103130
-2.776718
-2.600607
-2.473463
-2.269442
-0.997980
-2.965300
-3.165300
0.817154
-2.217620
-2.974865
-2.625208
-2.451419
-2.550011
0.495703
-2.517888
-3.110742
0.282427
-2.838180
-2.816080
-3.160639
-2.899267
-3.118959
-0.290376
-2.198575
-2.527765
0.710489
-2.533851
-2.892071
-3.021317
-2.486715
-2.118771
1.110147
-2.569043
-2.035319
-1.435268
-2.447645
-2.369498
-2.082108
-2.369143
-2.881679
-1.475811
-2.961994
-2.251592
1.429380
-2.992224
-2.285886
-2.739504
-2.260364
-2.888923
-0.552615
-2.318598
-2.271614
0.929255
-2.895032
-2.753977
-2.774829
-3.257124
-2.774395
-0.887000
-2.609163
-2.798626
0.420386
-3.108643
-2.657271
-2.432562
-2.239648
-2.458867
0.271876
-2.618277
-3.097983
-0.470467
-2.289435
-2.676141
-2.298377
-2.813574
-2.671464
0.963493
-3.027808
-2.438117
-0.407743
-3.158512
-2.936624
-2.742474
-2.183933
-2.074237
0.739505
-2.334744
-2.796412
-0.696175
-1.975374
-2.434375
-2.032515
-2.704878
-2.633411
-2.160206
-2.411201
-3.001109
2.207717
-2.192147
-2.605290
-2.493051
-3.141346
-2.863625
-0.082738
-3.006046
-3.073160
0.457665
-2.897765
-3.135068
-2.873075
-3.099180
-2.589358
0.100703
-2.536004
-2.673804
-0.110790
-2.817565
-2.533979
-2.888354
-2.665898
-2.824407
-0.053652
-2.559605
-2.864530
0.293701
-2.542428
-2.675834
-2.269950
-2.370922
-2.522682
0.137214
-2.277227
-3.163736
-0.685130
-2.990106
-2.920041
-2.751284
-3.249994
-3.163287
-0.311090
-3.414832
-3.436833
0.494846
-3.175496
-3.090002
-3.053812
-2.503097
-2.352460
-1.384549
-2.426355
-2.800261
1.420268
-3.054352
-2.636448
-2.396504
-2.280962
-2.478969
0.525585
-2.185994
-2.256367
-0.334027
-2.147744
-2.084677
-2.443213
-2.027254
-1.949079
0.301014
-2.037424
-2.448943
0.344490
-1.888186
-1.789493
-2.170741
-2.348511
-2.819125
0.284701
-2.222123
-2.595818
-0.716439
-2.876101
-2.716196
-2.918745
-2.717612
-2.315557
-0.967761
-2.423712
-2.207500
0.602921
-2.666985
-2.099807
-2.396340
-3.043667
-3.029388
0.443114
-2.993342
-3.237452
-0.084962
-2.989586
-3.219884
-3.042399
-3.382365
-3.023625
0.856675
-3.316400
-3.089918
-0.885721
-3.156233
-2.622223
-3.292027
-2.438648
-2.565154
0.185725
-3.133371
-2.784680
0.602368
-2.526884
-2.684296
-2.943135
-2.290319
-3.219826
0.673562
-2.692128
-2.676586
-0.750242
-2.929332
-2.501570
-2.695287
-3.347939
-3.411000
0.192438
-2.997551
-3.415001
0.516667
-3.285552
-3.049590
-2.593383
-2.862241
-2.673986
-0.727381
-2.907484
-2.608534
0.827972
-2.289540
-2.140296
-2.555760
-3.009207
-2.379063
-0.608366
-3.005601
-2.885190
0.107384
-2.845004
-3.162755
-2.865562
-2.245129
-2.392190
-1.396293
-2.356547
-2.253487
1.289776
-2.139781
-2.114518
-2.127250
-3.009197
-2.717687
0.752422
-2.397898
-2.348570
-0.837327
-2.105155
-2.351818
-2.497489
-2.462538
-2.867774
-0.626460
-2.849494
-2.427433
1.056708
-2.622186
-3.027119
-2.548173
-2.656652
-3.293180
0.941367
-3.169231
-2.843680
-1.063850
-2.758399
-2.833639
-3.281254
-2.778676
-2.653536
-0.028897
-2.526077
-2.689306
-0.645034
-2.442754
-3.026073
-2.467547
-2.027705
-2.059618
-0.591617
-2.331252
-2.579576
-0.247174
-2.419190
-2.384928
-2.744550
-2.717076
-2.696635
1.727128
-2.436728
-2.586670
-1.891970
-2.332737
-2.637804
-2.800245
-3.120398
-3.088469
0.555044
-2.917240
-2.537193
0.316020
-2.917220
-3.221331
-2.451863
-2.004586
-2.256234
-0.469900
-1.933448
-1.918123
0.497915
-1.897812
-2.317142
-2.851873
-2.702973
-2.093519
-1.711715
-2.270856
-2.481105
1.827040
-2.116391
-2.964209
-2.259545
-2.598314
-2.348894
-1.734712
-2.787877
-2.860657
1.823499
-2.770691
-2.572686
-2.332087
-2.850117
-2.728648
-1.110772
-2.682473
-2.702676
1.075054
-2.369122
-3.088746
-2.910405
-3.061332
-2.342910
0.406136
-2.870794
-3.143216
-0.925353
-2.469294
-2.523853
-2.297693
-2.521027
-3.059570
0.252269
-2.393871
-2.689309
-0.024457
-2.261413
-2.670123
-2.734222
-2.562978
-2.858835
-0.712237
-2.638176
-3.193083
0.656007
-3.192250
-3.148455
-2.848926
-2.829140
-2.601231
0.976581
-2.221499
-2.882733
-0.730741
-2.891615
-2.772086
-2.482189
-2.944024
-2.363974
0.669116
-3.023464
-2.662886
-0.327600
-2.906092
-2.500344
-2.402293
-2.782315
-2.968852
-0.234923
-2.478310
-2.617245
-0.153375
-2.905895
-2.725692
-2.836255
-2.643828
-2.876948
0.322151
-2.399889
-3.130230
-0.457275
-2.880864
-3.030595
-2.535806
-2.624859
-2.937387
0.375852
-2.892575
-2.483173
0.174270
-3.160105
-3.094499
-2.727768
-3.201776
-2.942762
0.381605
-2.946836
-2.546017
-0.960793
-3.169027
-2.326079
-3.090785
-1.926554
-2.300680
0.554796
-1.970106
-1.959681
-0.322354
-2.599464
-2.018270
-2.247718
