0.280757
0.423558
0.104626
-0.363268
-0.430673
-0.114413
-0.000593
-0.448654
-0.031368
0.116482
0.361228
0.036062
0.241380
0.123033
-0.501889
-0.336619
0.302263
0.364651
-0.367737
-0.481592
0.593977
-0.079884
-0.365248
-0.444794
0.083808
0.074470
-0.151904
0.075581
0.438714
0.060214
0.004054
-0.080680
0.577450
0.040038
0.131843
0.083406
0.312653
0.043592
-0.372796
-0.287898
0.422437
-0.158234
0.121160
-0.388496
-0.027063
-0.098939
-0.218581
0.125455
0.182005
0.379644
-0.075508
-0.422841
0.321524
0.095500
0.547449
-0.175188
0.060950
-0.411557
-0.135695
0.302591
0.092838
0.291046
0.358050
0.135081
0.229315
0.360780
-0.294013
0.322946
-0.497383
-0.046132
-0.467047
-0.061438
0.238254
-0.006419
0.220060
-0.000386
0.132953
0.366580
-0.289553
-0.580982
0.007712
0.263973
0.155368
-0.112851
-0.207893
-0.323514
-0.316702
0.390679
0.368743
0.427452
0.067786
-0.494973
0.116030
0.649032
-0.530342
-0.316606
0.344617
0.240511
0.408586
0.065465
-0.008801
-0.288262
0.178064
-0.028311
-0.565615
-0.362092
0.366089
-0.441251
-0.524919
-0.375455
0.220411
-0.071461
0.421343
0.093769
-0.383679
-0.201100
-0.455678
-0.493957
-0.067261
0.359157
0.003987
-0.390209
