-0.062178
-0.569152
0.054985
0.407771
0.182030
-0.344914
-0.153969
0.181844
-0.243453
0.031918
-0.158134
-0.068454
-0.362287
0.177629
0.142283
0.325305
-0.314186
-0.025378
-0.318641
0.152041
0.269989
0.286438
0.219421
-0.051015
-0.377537
-0.276985
-0.381671
0.107857
0.091464
-0.351064
0.395597
0.003019
-0.634468
-0.328049
-0.565525
0.301082
0.101562
0.087676
0.393862
0.249931
0.342311
0.292639
-0.109307
0.214676
0.435748
0.357713
-0.477488
0.256153
0.101612
0.313009
-0.385099
-0.420715
-0.518521
0.035493
-0.352951
0.464644
0.729561
-0.025928
0.284499
-0.093988
0.134927
-0.426921
0.029624
0.228493
-0.457515
-0.376915
0.031617
-0.566061
-0.458000
-0.224517
-0.133149
0.308533
-0.225650
0.143904
-0.037887
-0.464058
-0.176784
-0.329145
-0.237655
-0.008724
-0.202579
0.359481
0.163025
0.450532
0.312671
-0.240028
0.315362
-0.142883
0.442955
0.397786
0.012492
-0.006822
-0.597985
0.189861
-0.334197
-0.414318
0.218028
-0.017237
-0.067679
0.526715
0.321821
-0.169942
-0.294327
0.356255
0.245903
0.056490
-0.283808
-0.095488
-0.073976
-0.233127
0.178205
-0.482595
-0.389823
0.343126
-0.570436
-0.008676
0.407285
0.008574
-0.079365
-0.014973
-0.054932
-0.366429
0.222248
0.033741
0.418098
-0.235137
0.013347
-0.416338
0.536038
-0.522952
-0.113361
0.360716
0.305384
-0.479066
-0.349309
-0.460345
-0.064627
0.310319
0.420522
0.130733
0.248419
0.292424
0.163258
-0.047395
0.058831
0.363957
-0.308555
-0.367605
-0.064823
-0.113151
0.248918
-0.496812
-0.155441
-0.600639
-0.532653
-0.144545
-0.301815
-0.454661
0.472537
-0.476485
-0.562413
0.397994
-0.228380
-0.443318
0.259882
-0.380115
0.434794
0.150123
-0.519394
0.243246
-0.331760
0.186867
0.268617
-0.044071
0.221391
0.400480
-0.500697
-0.245572
0.243964
-0.387793
0.600439
-0.160838
0.238737
-0.253780
0.044509
0.438042
-0.361311
0.150322
0.476948
-0.451447
-0.200246
-0.190327
0.388436
-0.079239
-0.645068
-0.234031
-0.019503
-0.546232
-0.641643
0.002100
0.006740
0.118406
-0.125624
-0.273755
0.005802
0.207373
-0.393964
0.096294
-0.374088
-0.419715
-0.215286
-0.056939
0.247099
-0.194000
0.082962
-0.167415
0.357346
-0.215485
0.327083
-0.632481
-0.401189
-0.536100
-0.381900
-0.016685
0.271255
-0.284548
0.336135
0.270516
-0.167961
-0.063366
-0.046231
0.342205
-0.471136
-0.363482
0.444142
0.194430
-0.315950
-0.659807
-0.404421
0.326589
0.140875
-0.081044
-0.167104
0.493098
-0.381195
-0.134217
0.017077
-0.376183
0.094858
0.327163
-0.167348
-0.281342
0.126308
-0.266836
-0.095646
-0.125858
0.324034
-0.446726
0.193598
0.200060
-0.403967
0.536675
-0.502372
0.119407
-0.473780
-0.460394
0.449212
0.366252
0.216525
-0.157620
0.319268
-0.309480
0.069047
-0.289561
0.232840
0.015781
0.422102
0.090686
0.409722
-0.304532
-0.048164
0.121553
0.307152
0.398059
-0.012823
0.373703
0.208871
-0.209140
0.290401
-0.299755
-0.341125
-0.193113
-0.089594
-0.087307
-0.167145
-0.157722
-0.402851
0.063480
-0.549213
-0.428671
-0.383101
-0.224426
0.464351
0.218089
-0.255179
-0.061219
0.204389
0.195647
-0.385011
-0.335293
0.110296
-0.467704
0.045817
0.034369
-0.558840
0.272803
0.208860
-0.384172
0.642741
-0.229718
0.064054
-0.243151
0.170331
-0.407835
0.069384
0.353204
-0.160969
0.036684
-0.392231
0.422555
-0.113778
0.380020
-0.360720
0.084092
0.127067
0.298927
0.336957
0.244093
-0.171511
-0.424201
-0.126405
-0.538409
-0.225779
0.251178
0.637768
0.055327
0.197125
-0.203418
-0.168903
-0.480483
-0.507742
0.005056
0.029886
-0.073581
0.568291
-0.372120
0.039586
0.329856
0.062550
0.020650
0.095183
-0.279047
0.210492
-0.290405
-0.319247
0.087155
0.141674
-0.137166
-0.405406
-0.114202
-0.095797
-0.001714
-0.030926
-0.422526
-0.299105
0.215860
-0.045992
-0.299958
-0.532607
0.203975
0.018184
0.203623
0.205825
-0.202350
-0.419094
0.067049
-0.445099
0.144360
0.065024
0.476363
-0.215739
0.294589
-0.413471
-0.532814
-0.056603
-0.048337
-0.375467
-0.450329
0.150083
0.079110
0.113780
0.546754
0.364495
-0.053580
-0.031697
-0.021467
0.053368
0.434482
0.114066
-0.362731
0.239599
-0.243673
-0.202645
-0.090351
-0.474286
-0.437997
-0.481457
-0.550470
0.001329
0.525582
-0.419491
0.022947
-0.072374
0.083456
0.086296
0.124791
-0.199227
-0.229235
0.020245
-0.279728
-0.375844
0.247816
-0.093409
-0.468346
-0.066221
-0.163001
0.287900
-0.166766
-0.428578
-0.384592
0.368570
0.239606
-0.575777
0.332711
0.208118
-0.583665
-0.571917
0.094529
-0.417908
0.311208
0.423564
-0.003899
0.283097
-0.028443
-0.580127
-0.621605
0.223755
-0.280492
-0.201045
-0.449143
0.212352
0.369115
-0.076582
-0.415645
0.042109
-0.490830
-0.212107
0.370733
0.524760
-0.033325
-0.605408
0.136956
-0.257949
-0.418232
-0.582535
-0.601519
-0.333052
-0.400248
-0.517641
-0.127796
0.396692
0.004735
0.229145
-0.404077
-0.221252
0.285638
0.466071
0.394707
-0.232333
0.161886
-0.116323
-0.003535
-0.108027
-0.052428
0.281193
-0.000372
0.229179
0.504365
-0.103947
-0.076440
-0.383124
0.060996
-0.043986
-0.296058
-0.197039
-0.223450
0.424311
0.439489
-0.214286
-0.260534
-0.203253
-0.064821
0.199553
-0.582932
0.145463
-0.396143
-0.144512
-0.091443
0.052889
0.203851
0.308202
-0.543720
-0.456007
-0.022894
-0.098786
-0.478944
-0.485918
0.509404
-0.209426
0.120846
-0.172937
-0.067976
0.183771
0.491522
-0.067512
0.084401
-0.153290
0.308588
-0.522975
0.351781
-0.451330
0.354789
-0.017253
-0.012068
-0.294365
0.279416
0.367040
-0.492845
0.225941
0.383197
-0.514620
0.013206
-0.652711
-0.400142
-0.052961
0.346773
-0.040435
-0.253364
-0.547974
0.293511
-0.511517
-0.455698
-0.244728
0.365956
-0.090458
-0.390991
0.202433
0.181323
-0.619624
-0.185473
-0.314763
-0.199106
0.011767
-0.509991
-0.240381
0.114462
-0.210410
-0.254276
0.385558
0.296931
-0.181611
-0.441307
-0.164791
-0.297972
0.027316
0.043560
0.123460
0.210826
0.196936
0.183108
-0.006561
-0.274240
-0.339825
0.423854
0.082135
0.271073
-0.494501
0.409974
-0.500359
-0.036583
-0.029646
-0.404537
0.322469
-0.558449
-0.404402
0.027656
0.397047
-0.493683
-0.447560
-0.530395
-0.049009
-0.202937
-0.399873
0.415167
-0.147162
0.456811
0.102276
-0.128229
0.167084
0.393385
-0.080378
-0.511407
-0.566236
0.003576
-0.575885
0.330769
-0.010382
-0.087082
-0.189819
0.081254
-0.037783
0.168513
0.239292
-0.417490
0.107033
0.304097
-0.285326
0.193950
-0.243118
-0.059938
0.088189
0.143651
0.369743
-0.021343
-0.188566
-0.389683
-0.291340
-0.239070
0.370089
-0.288789
0.270713
-0.267432
-0.244752
0.101304
-0.582174
0.316882
-0.470889
-0.223215
0.193642
0.009264
0.339332
0.405392
-0.559177
0.079832
-0.298793
0.289875
0.190789
-0.311517
0.155839
0.061186
-0.451178
0.330298
0.255892
-0.306425
-0.351845
0.091373
-0.427187
-0.011603
-0.096405
0.030950
0.374966
-0.439322
0.052625
0.128197
-0.378807
0.406200
0.469080
0.105977
0.332545
0.585326
0.200602
-0.059950
-0.385613
-0.089026
-0.509203
0.366986
0.476436
0.041678
-0.625164
0.369789
-0.121614
-0.284310
-0.176866
-0.438343
-0.118324
0.503930
0.074398
0.270038
0.119953
0.243189
-0.020209
-0.578407
0.229043
-0.260919
0.485103
-0.006456
-0.253359
0.291607
-0.250841
0.198702
0.438137
-0.399041
-0.486096
0.301993
-0.430504
0.153946
0.217494
-0.531704
-0.443883
-0.295299
0.045609
-0.506424
-0.011877
0.025183
0.393630
-0.242378
-0.351376
0.048898
-0.165103
0.070550
0.435294
0.530041
0.019382
-0.372821
-0.379880
-0.049807
0.115398
-0.044505
0.097232
-0.333022
0.266423
-0.054957
-0.063423
-0.122237
-0.246235
-0.070664
-0.257184
0.042214
-0.281591
-0.042971
-0.476271
0.322343
-0.197045
-0.135215
-0.502460
-0.205730
0.124358
0.246718
-0.270561
0.100063
-0.337437
-0.143569
0.311170
0.308849
0.093975
-0.121997
0.372348
-0.434585
-0.440742
-0.340969
-0.129588
-0.019395
-0.069526
-0.269795
0.264659
0.087843
-0.400420
-0.172533
0.046776
-0.472085
0.266191
-0.338272
0.516773
0.030242
0.329022
0.053498
0.152127
0.056035
-0.556040
-0.448727
-0.099350
-0.478831
-0.273748
-0.273011
0.461330
-0.168971
0.131257
-0.432699
0.236109
0.444700
0.167050
-0.448924
-0.026918
-0.124526
-0.127737
0.265711
-0.529491
0.004680
0.225482
0.232706
0.093369
0.169487
0.079183
-0.212136
0.097016
-0.356622
-0.247862
0.070166
-0.415437
0.320198
0.700916
-0.098468
0.207225
-0.256422
0.439836
0.377292
-0.361511
-0.206992
0.298578
-0.422019
0.392578
-0.404679
0.206497
0.296431
-0.426692
-0.517740
0.007667
0.191222
-0.213949
-0.446765
-0.158397
0.015156
0.122396
0.068763
-0.528874
0.108808
-0.308860
-0.452369
-0.383097
0.241434
0.404564
0.084150
0.217691
0.367564
0.311926
-0.174721
-0.014117
0.512959
-0.137542
0.222318
-0.193623
-0.302652
0.396816
0.483539
-0.261805
-0.323257
-0.467592
-0.084694
-0.055063
0.273061
-0.378879
-0.315107
0.075355
-0.020416
-0.294080
0.232932
0.271720
0.226393
0.158623
-0.072665
0.170580
-0.050714
-0.033623
-0.488593
0.486670
-0.143738
-0.172541
0.251121
0.222973
0.229311
-0.295553
0.062202
-0.381083
-0.420044
0.267108
0.102850
0.318667
0.148712
0.316406
0.056981
-0.099510
0.267284
0.541431
-0.299232
0.020129
0.254079
0.457230
-0.377382
0.233168
-0.048673
-0.497391
0.237202
-0.062329
-0.151420
-0.300675
-0.270666
-0.310134
-0.595384
-0.176675
0.261690
-0.502471
0.145995
0.052834
0.203602
0.093822
-0.210170
0.323391
-0.625349
-0.470101
0.059164
0.246762
-0.170838
-0.343763
0.011380
-0.238875
-0.549352
-0.535810
0.535675
-0.448088
0.186445
0.113131
0.117229
0.408844
0.142931
0.599437
0.134722
-0.396443
0.200484
0.316474
-0.547722
-0.345719
0.068312
0.141833
-0.215101
-0.078123
-0.034351
-0.219485
-0.423337
-0.148014
0.148401
-0.160984
-0.536628
0.437884
-0.349019
-0.502874
0.398784
-0.076713
0.405695
-0.275304
-0.425686
0.309386
-0.321023
0.233592
0.089627
-0.135878
-0.100550
-0.259117
-0.226503
0.085439
-0.458113
-0.375476
-0.116312
0.219915
0.155469
0.270206
0.290018
-0.389540
0.061427
-0.229212
0.092720
-0.347262
-0.017900
0.389960
-0.465427
0.359421
0.201984
-0.168445
-0.480457
-0.144811
-0.456739
-0.014766
-0.513717
-0.104247
0.378873
-0.046911
0.260390
0.113073
0.128948
0.290699
-0.508438
0.150272
0.085722
0.515254
-0.241481
0.201531
-0.086608
0.704523
-0.355209
0.156068
-0.224554
-0.457439
0.425677
-0.221576
0.277119
-0.212107
-0.007837
0.139933
-0.044082
0.532074
0.195781
-0.519828
0.436209
-0.287786
0.314315
0.474329
0.230660
0.069577
0.390889
-0.269539
-0.460652
0.331173
0.073055
0.419938
-0.297823
0.294324
-0.051345
-0.449739
-0.243970
0.062339
0.376311
0.065288
-0.094138
-0.527692
0.444048
-0.501808
0.189441
0.446440
0.215440
0.089576
0.413622
0.446948
0.260363
0.329143
-0.259036
-0.507144
0.292414
-0.214264
-0.296617
0.169739
-0.431367
-0.407593
-0.246002
-0.435872
0.245020
-0.172619
-0.165812
-0.264600
-0.200991
-0.398241
0.130636
-0.287807
0.256215
0.159166
0.337780
0.238706
-0.137230
-0.039131
0.178206
